[Modbus]
Channel_0="-1.1176278, 82.143155, -2009.6559, 16391.412 ; Timestamp: 2025-04-19 20:21:05"
Channel_1="-0.33661913, 21.529412, -448.58963, 3042.004 ; Timestamp: 2025-04-19 20:21:05"
Channel_2="-5.2624875e-11, -27.624311, 1314.4345, -15612.068 ; Timestamp: 2025-04-19 20:21:05"
Channel_3=0, 0, 1, 0
Channel_4=0, 0, 1, 0
Channel_5=0, 0, 1, 0
Channel_6=0, 0, 1, 0
Channel_7=0, 0, 1, 0
Channel_8=0, 0, 1, 0
Channel_9=0, 0, 1, 0
Channel_10=0, 0, 1, 0
Channel_11=0, 0, 1, 0
Channel_12=0, 0, 1, 0
Channel_13=0, 0, 1, 0
Channel_14=0, 0, 1, 0
Channel_15=0, 0, 1, 0

[DAQ]
Channel_0=0, 0, 1, 0
Channel_1=0, 0, 1, 0
Channel_2=0, 0, 1, 0
Channel_3=0, 0, 1, 0
Channel_4=0, 0, 1, 0
Channel_5=0, 0, 1, 0
Channel_6=0, 0, 1, 0
Channel_7=0, 0, 1, 0

[ECU]
Channel_0=0, 0, 1, 0
Channel_1=0, 0, 1, 0
Channel_2=0, 0, 1, 0
Channel_3=0, 0, 1, 0
Channel_4=0, 0, 1, 0
Channel_5=0, 0, 1, 0
Channel_6=0, 0, 1, 0
Channel_7=0, 0, 1, 0
Channel_8=0, 0, 1, 0

[Custom]
Channel_0=0, 0, 1, 0
Channel_1=0, 0, 1, 0
Channel_2=0, 0, 1, 0
Channel_3=0, 0, 1, 0
Channel_4=0, 0, 1, 0
